WYKRES FUNKCJI LINIOWEJ
-1 -1
-0.98 -0.96
-0.96 -0.92
-0.94 -0.88
-0.92 -0.84
-0.9 -0.8
-0.88 -0.76
-0.86 -0.72
-0.84 -0.68
-0.82 -0.64
-0.8 -0.6
-0.78 -0.56
-0.76 -0.52
-0.74 -0.48
-0.72 -0.44
-0.7 -0.4
-0.68 -0.36
-0.66 -0.32
-0.64 -0.28
-0.62 -0.24
-0.6 -0.2
-0.58 -0.16
-0.56 -0.12
-0.54 -0.08
-0.52 -0.04
-0.5 0
-0.48 0.04
-0.46 0.08
-0.44 0.12
-0.42 0.16
-0.4 0.2
-0.38 0.24
-0.36 0.28
-0.34 0.32
-0.32 0.36
-0.3 0.4
-0.28 0.44
-0.26 0.48
-0.24 0.52
-0.22 0.56
-0.2 0.6
-0.18 0.64
-0.16 0.68
-0.14 0.72
-0.12 0.76
-0.1 0.8
-0.08 0.84
-0.06 0.88
-0.04 0.92
-0.02 0.96
0 1
0.02 1.04
0.04 1.08
0.06 1.12
0.08 1.16
0.1 1.2
0.12 1.24
0.14 1.28
0.16 1.32
0.18 1.36
0.2 1.4
0.22 1.44
0.24 1.48
0.26 1.52
0.28 1.56
0.3 1.6
0.32 1.64
0.34 1.68
0.36 1.72
0.38 1.76
0.4 1.8
0.42 1.84
0.44 1.88
0.46 1.92
0.48 1.96
0.5 2
0.52 2.04
0.54 2.08
0.56 2.12
0.58 2.16
0.6 2.2
0.62 2.24
0.64 2.28
0.66 2.32
0.68 2.36
0.7 2.4
0.72 2.44
0.74 2.48
0.76 2.52
0.78 2.56
0.8 2.6
0.82 2.64
0.84 2.68
0.86 2.72
0.88 2.76
0.9 2.8
0.92 2.84
0.94 2.88
0.96 2.92
0.98 2.96
1 3
