WYKRES FUNKCJI SINUSOIDALNEJ
-1 0.5
-0.98 0.468605
-0.96 0.437333
-0.94 0.406309
-0.92 0.375655
-0.9 0.345492
-0.88 0.315938
-0.86 0.28711
-0.84 0.259123
-0.82 0.232087
-0.8 0.206107
-0.78 0.181288
-0.76 0.157726
-0.74 0.135516
-0.72 0.114743
-0.7 0.0954915
-0.68 0.077836
-0.66 0.0618467
-0.64 0.0475865
-0.62 0.0351118
-0.6 0.0244717
-0.58 0.0157084
-0.56 0.00885637
-0.54 0.00394265
-0.52 0.000986636
-0.5 0
-0.48 0.000986636
-0.46 0.00394265
-0.44 0.00885637
-0.42 0.0157084
-0.4 0.0244717
-0.38 0.0351118
-0.36 0.0475865
-0.34 0.0618467
-0.32 0.077836
-0.3 0.0954915
-0.28 0.114743
-0.26 0.135516
-0.24 0.157726
-0.22 0.181288
-0.2 0.206107
-0.18 0.232087
-0.16 0.259123
-0.14 0.28711
-0.12 0.315938
-0.1 0.345492
-0.08 0.375655
-0.06 0.406309
-0.04 0.437333
-0.02 0.468605
0 0.5
0.02 0.531395
0.04 0.562667
0.06 0.593691
0.08 0.624345
0.1 0.654508
0.12 0.684062
0.14 0.71289
0.16 0.740877
0.18 0.767913
0.2 0.793893
0.22 0.818712
0.24 0.842274
0.26 0.864484
0.28 0.885257
0.3 0.904508
0.32 0.922164
0.34 0.938153
0.36 0.952414
0.38 0.964888
0.4 0.975528
0.42 0.984292
0.44 0.991144
0.46 0.996057
0.48 0.999013
0.5 1
0.52 0.999013
0.54 0.996057
0.56 0.991144
0.58 0.984292
0.6 0.975528
0.62 0.964888
0.64 0.952414
0.66 0.938153
0.68 0.922164
0.7 0.904508
0.72 0.885257
0.74 0.864484
0.76 0.842274
0.78 0.818712
0.8 0.793893
0.82 0.767913
0.84 0.740877
0.86 0.71289
0.88 0.684062
0.9 0.654508
0.92 0.624345
0.94 0.593691
0.96 0.562667
0.98 0.531395
1 0.5
